V = [0.283,.347,.370,.395,.425,.435,.445,.467,.485,.496,.503,.517,.525,.527,.538,.544,.555,.563,.573,.575,.585,.592,.598,.605,.618,.623,.630,.646,.653,.658,.665,.672,.677,.680,];
I = [0,.001,.001,.005,.009,.012,.018,.047,.060,.082,.101,.145,.175,.181,.246,.306,.412,.509,.646,.693,.822,.979,1.112,1.335,1.85,2.007,2.392,3.4,3.9,4.3,5.3,6.7,7.6,8.0];

